scaffold00001	CHROMOSOME_II	87.671	146	18	0	7129608	7129753	8560246	8560101	4.45e-38	171
scaffold00001	CHROMOSOME_II	79.752	242	38	3	5533431	5533662	11744264	11744504	2.07e-36	165
scaffold00001	CHROMOSOME_II	80.874	183	33	2	1020662	1020843	11845182	11845001	9.70e-30	143
scaffold00001	CHROMOSOME_II	95.890	73	3	0	8017622	8017694	11334084	11334012	1.64e-22	119
scaffold00001	CHROMOSOME_II	95.890	73	3	0	8017622	8017694	11334508	11334580	1.64e-22	119
scaffold00001	CHROMOSOME_II	91.860	86	6	1	8017621	8017705	12678313	12678398	1.64e-22	119
scaffold00001	CHROMOSOME_II	81.119	143	27	0	4611254	4611396	11877341	11877483	2.12e-21	115
scaffold00001	CHROMOSOME_II	89.130	92	7	3	6358217	6358306	14474923	14474833	2.74e-20	111
scaffold00001	CHROMOSOME_II	72.527	364	89	9	4875921	4876279	8996084	8995727	3.54e-19	108
scaffold00001	CHROMOSOME_II	93.056	72	5	0	6358228	6358299	7757019	7756948	1.27e-18	106
scaffold00001	CHROMOSOME_II	96.610	59	2	0	8030420	8030478	3521494	3521552	2.13e-16	99.0
scaffold00001	CHROMOSOME_II	81.897	116	19	2	5214422	5214536	4451129	4451015	7.66e-16	97.1
scaffold00001	CHROMOSOME_II	88.095	84	7	2	7889750	7889830	12678313	12678396	7.66e-16	97.1
scaffold00001	CHROMOSOME_II	87.952	83	7	3	7889751	7889830	11334084	11334002	2.76e-15	95.3
scaffold00001	CHROMOSOME_II	90.278	72	7	0	7889751	7889822	11334508	11334579	2.76e-15	95.3
scaffold00001	CHROMOSOME_II	89.855	69	6	1	7889758	7889825	7001634	7001702	4.61e-13	87.9
scaffold00001	CHROMOSOME_II	95.833	48	2	0	8030424	8030471	9404421	9404374	2.78e-10	78.7
scaffold00001	CHROMOSOME_II	76.296	135	30	2	4613742	4613875	11878907	11879040	4.64e-08	71.3
scaffold00002	CHROMOSOME_II	93.814	97	5	1	2177276	2177371	14474917	14474821	1.11e-30	145
scaffold00002	CHROMOSOME_II	92.784	97	4	3	2414353	2414446	3519322	3519226	1.85e-28	137
scaffold00002	CHROMOSOME_II	96.386	83	3	0	2219840	2219922	6853204	6853286	1.85e-28	137
scaffold00002	CHROMOSOME_II	98.684	76	1	0	2383685	2383760	3439294	3439219	6.67e-28	135
scaffold00002	CHROMOSOME_II	98.684	76	1	0	2383685	2383760	3567685	3567610	6.67e-28	135
scaffold00002	CHROMOSOME_II	96.341	82	3	0	2177278	2177359	7757022	7756941	6.67e-28	135
scaffold00002	CHROMOSOME_II	96.341	82	3	0	2145389	2145470	14474914	14474833	6.67e-28	135
scaffold00002	CHROMOSOME_II	95.294	85	2	2	1281378	1281460	3439466	3439382	2.40e-27	134
scaffold00002	CHROMOSOME_II	97.436	78	2	0	2383685	2383762	3519161	3519084	2.40e-27	134
scaffold00002	CHROMOSOME_II	96.341	82	2	1	3133577	3133658	3567756	3567836	2.40e-27	134
scaffold00002	CHROMOSOME_II	94.253	87	5	0	8745	8831	7756935	7757021	2.40e-27	134
scaffold00002	CHROMOSOME_II	93.407	91	5	1	2414352	2414441	11157875	11157785	2.40e-27	134
scaffold00002	CHROMOSOME_II	91.000	100	6	3	2414353	2414451	3439466	3439369	8.63e-27	132
scaffold00002	CHROMOSOME_II	95.181	83	4	0	1249802	1249884	3519241	3519323	8.63e-27	132
scaffold00002	CHROMOSOME_II	95.181	83	4	0	449647	449729	6853204	6853286	8.63e-27	132
scaffold00002	CHROMOSOME_II	95.181	83	4	0	554493	554575	6853204	6853286	8.63e-27	132
scaffold00002	CHROMOSOME_II	90.816	98	9	0	572613	572710	11157875	11157778	8.63e-27	132
scaffold00002	CHROMOSOME_II	98.630	73	1	0	749136	749208	3439219	3439291	3.10e-26	130
scaffold00002	CHROMOSOME_II	95.122	82	4	0	1249802	1249883	3439385	3439466	3.10e-26	130
scaffold00002	CHROMOSOME_II	97.368	76	2	0	749133	749208	3519083	3519158	3.10e-26	130
scaffold00002	CHROMOSOME_II	92.391	92	5	2	1128965	1129055	3519233	3519323	3.10e-26	130
scaffold00002	CHROMOSOME_II	98.630	73	1	0	749136	749208	3567610	3567682	3.10e-26	130
scaffold00002	CHROMOSOME_II	95.122	82	4	0	2145389	2145470	7757021	7756940	3.10e-26	130
scaffold00002	CHROMOSOME_II	95.122	82	4	0	1249802	1249883	11157793	11157874	3.10e-26	130
scaffold00002	CHROMOSOME_II	95.181	83	2	2	3133577	3133658	11157793	11157874	3.10e-26	130
scaffold00002	CHROMOSOME_II	98.630	73	1	0	8759	8831	14474842	14474914	3.10e-26	130
scaffold00002	CHROMOSOME_II	95.122	82	4	0	2219840	2219921	14635416	14635335	3.10e-26	130
scaffold00002	CHROMOSOME_II	95.122	82	3	1	1281377	1281457	3519323	3519242	1.12e-25	128
scaffold00002	CHROMOSOME_II	94.118	85	3	1	1249800	1249884	3567755	3567837	1.12e-25	128
scaffold00002	CHROMOSOME_II	95.122	82	3	1	1281377	1281457	3567837	3567756	1.12e-25	128
scaffold00002	CHROMOSOME_II	95.062	81	4	0	2414353	2414433	3567836	3567756	1.12e-25	128
scaffold00002	CHROMOSOME_II	95.122	82	3	1	572614	572695	3567836	3567756	1.12e-25	128
scaffold00002	CHROMOSOME_II	94.118	85	3	2	1281378	1281460	11157874	11157790	1.12e-25	128
scaffold00002	CHROMOSOME_II	91.489	94	4	3	7348	7441	7756932	7757021	4.01e-25	126
scaffold00002	CHROMOSOME_II	94.048	84	4	1	574047	574130	11157875	11157793	4.01e-25	126
scaffold00002	CHROMOSOME_II	97.297	74	2	0	1451952	1452025	11157802	11157875	4.01e-25	126
scaffold00002	CHROMOSOME_II	95.000	80	4	0	733292	733371	14635334	14635413	4.01e-25	126
scaffold00002	CHROMOSOME_II	93.902	82	5	0	1128973	1129054	3439385	3439466	1.44e-24	124
scaffold00002	CHROMOSOME_II	93.976	83	4	1	574048	574130	3439466	3439385	1.44e-24	124
scaffold00002	CHROMOSOME_II	93.902	82	5	0	572614	572695	3439466	3439385	1.44e-24	124
scaffold00002	CHROMOSOME_II	93.976	83	3	2	3133577	3133658	3439385	3439466	1.44e-24	124
scaffold00002	CHROMOSOME_II	97.260	73	2	0	1451952	1452024	3439394	3439466	1.44e-24	124
scaffold00002	CHROMOSOME_II	93.976	83	4	1	574048	574130	3519322	3519241	1.44e-24	124
scaffold00002	CHROMOSOME_II	93.902	82	5	0	572614	572695	3519322	3519241	1.44e-24	124
scaffold00002	CHROMOSOME_II	93.976	83	3	2	3133577	3133658	3519241	3519322	1.44e-24	124
scaffold00002	CHROMOSOME_II	97.260	73	2	0	1451952	1452024	3519250	3519322	1.44e-24	124
scaffold00002	CHROMOSOME_II	97.260	73	2	0	1451952	1452024	3567764	3567836	1.44e-24	124
scaffold00002	CHROMOSOME_II	97.260	73	2	0	574048	574120	3567836	3567764	1.44e-24	124
scaffold00002	CHROMOSOME_II	93.902	82	5	0	7360	7441	14474833	14474914	1.44e-24	124
scaffold00002	CHROMOSOME_II	91.209	91	7	1	1128964	1129054	11157785	11157874	5.19e-24	122
scaffold00002	CHROMOSOME_II	89.691	97	9	1	2133696	2133792	11959368	11959463	5.19e-24	122
scaffold00002	CHROMOSOME_II	89.474	95	10	0	2611558	2611652	11959466	11959372	1.87e-23	121
scaffold00002	CHROMOSOME_II	93.671	79	5	0	1128982	1129060	3567764	3567842	6.72e-23	119
scaffold00002	CHROMOSOME_II	90.217	92	7	2	2176853	2176942	11959466	11959375	6.72e-23	119
scaffold00002	CHROMOSOME_II	89.247	93	9	1	2463432	2463523	11959463	11959371	8.69e-22	115
scaffold00002	CHROMOSOME_II	94.595	74	4	0	2524752	2524825	11959374	11959447	8.69e-22	115
scaffold00002	CHROMOSOME_II	91.463	82	7	0	1190956	1191037	12678387	12678306	3.12e-21	113
scaffold00002	CHROMOSOME_II	90.698	86	5	2	1149954	1150036	12678314	12678399	1.12e-20	111
scaffold00002	CHROMOSOME_II	90.588	85	5	3	1149953	1150035	11334085	11334002	4.04e-20	110
scaffold00002	CHROMOSOME_II	92.208	77	6	0	1194102	1194178	12678386	12678310	4.04e-20	110
scaffold00002	CHROMOSOME_II	90.361	83	6	2	1148489	1148570	4565389	4565470	1.45e-19	108
scaffold00002	CHROMOSOME_II	90.361	83	6	2	1148489	1148570	5292332	5292413	1.45e-19	108
scaffold00002	CHROMOSOME_II	92.208	77	5	1	1149953	1150029	11334507	11334582	1.45e-19	108
scaffold00002	CHROMOSOME_II	88.636	88	9	1	1148485	1148571	7003068	7002981	5.23e-19	106
scaffold00002	CHROMOSOME_II	95.522	67	2	1	1815013	1815078	7756960	7757026	5.23e-19	106
scaffold00002	CHROMOSOME_II	93.056	72	5	0	1190958	1191029	11334013	11334084	5.23e-19	106
scaffold00002	CHROMOSOME_II	93.056	72	5	0	1194103	1194174	11334013	11334084	5.23e-19	106
scaffold00002	CHROMOSOME_II	93.056	72	5	0	1194103	1194174	11334579	11334508	5.23e-19	106
scaffold00002	CHROMOSOME_II	93.056	72	5	0	1190958	1191029	11334579	11334508	5.23e-19	106
scaffold00002	CHROMOSOME_II	90.123	81	8	0	1148485	1148565	12542630	12542710	5.23e-19	106
scaffold00002	CHROMOSOME_II	87.234	94	10	2	1239633	1239726	12678313	12678404	5.23e-19	106
scaffold00002	CHROMOSOME_II	96.774	62	2	0	1815013	1815074	14474853	14474914	1.88e-18	104
scaffold00002	CHROMOSOME_II	87.097	93	9	2	2463430	2463519	5577180	5577272	6.76e-18	102
scaffold00002	CHROMOSOME_II	87.356	87	11	0	1148485	1148571	7003269	7003355	2.43e-17	100
scaffold00002	CHROMOSOME_II	85.859	99	8	4	1239634	1239727	11334084	11333987	2.43e-17	100
scaffold00002	CHROMOSOME_II	91.667	72	6	0	1239634	1239705	11334508	11334579	2.43e-17	100
scaffold00002	CHROMOSOME_II	92.647	68	5	0	748981	749048	3439460	3439393	8.75e-17	99.0
scaffold00002	CHROMOSOME_II	93.846	65	4	0	748981	749045	3519316	3519252	8.75e-17	99.0
scaffold00002	CHROMOSOME_II	93.846	65	4	0	748981	749045	3567830	3567766	8.75e-17	99.0
scaffold00002	CHROMOSOME_II	93.846	65	4	0	748981	749045	11157868	11157804	8.75e-17	99.0
scaffold00002	CHROMOSOME_II	90.323	62	6	0	1148489	1148550	4565087	4565026	8.81e-12	82.4
scaffold00004	CHROMOSOME_II	94.505	91	4	1	1152152	1152242	3062283	3062194	3.24e-29	139
scaffold00004	CHROMOSOME_II	97.368	76	2	0	1152154	1152229	3062380	3062455	1.95e-26	130
scaffold00004	CHROMOSOME_II	92.405	79	6	0	1152158	1152236	5782282	5782204	1.96e-21	113
scaffold00004	CHROMOSOME_II	84.483	116	14	4	1150077	1150188	3062279	3062164	7.06e-21	111
scaffold00004	CHROMOSOME_II	92.208	77	6	0	1150074	1150150	3062379	3062455	2.54e-20	110
scaffold00004	CHROMOSOME_II	90.278	72	7	0	1150079	1150150	5782282	5782211	7.11e-16	95.3
scaffold00005	CHROMOSOME_II	90.110	91	7	2	1252910	1252998	14474824	14474914	1.47e-22	117
scaffold00005	CHROMOSOME_II	94.521	73	4	0	1252926	1252998	7756949	7757021	1.90e-21	113
scaffold00005	CHROMOSOME_II	93.151	73	5	0	1390993	1391065	11959447	11959375	8.83e-20	108
scaffold00005	CHROMOSOME_II	83.146	89	14	1	1392098	1392185	11959468	11959380	1.93e-11	80.5
